header: 
  seq: 1591
  stamp: 
    secs: 1539417868
    nsecs: 575713024
  frame_id: "camera4/camera_color_optical_frame"
height: 720
width: 1280
distortion_model: "plumb_bob"
D: [0.0, 0.0, 0.0, 0.0, 0.0]
K: [926.3318481445312, 0.0, 634.6909790039062, 0.0, 926.648193359375, 365.8392333984375, 0.0, 0.0, 1.0]
R: [1.0, 0.0, 0.0, 0.0, 1.0, 0.0, 0.0, 0.0, 1.0]
P: [926.3318481445312, 0.0, 634.6909790039062, 0.0, 0.0, 926.648193359375, 365.8392333984375, 0.0, 0.0, 0.0, 1.0, 0.0]
binning_x: 0
binning_y: 0
roi: 
  x_offset: 0
  y_offset: 0
  height: 0
  width: 0
  do_rectify: False
