header: 
  seq: 1330
  stamp: 
    secs: 1539417849
    nsecs: 294185168
  frame_id: "camera3/camera_color_optical_frame"
height: 720
width: 1280
distortion_model: "plumb_bob"
D: [0.0, 0.0, 0.0, 0.0, 0.0]
K: [925.2274169921875, 0.0, 649.6033935546875, 0.0, 925.8618774414062, 353.5616760253906, 0.0, 0.0, 1.0]
R: [1.0, 0.0, 0.0, 0.0, 1.0, 0.0, 0.0, 0.0, 1.0]
P: [925.2274169921875, 0.0, 649.6033935546875, 0.0, 0.0, 925.8618774414062, 353.5616760253906, 0.0, 0.0, 0.0, 1.0, 0.0]
binning_x: 0
binning_y: 0
roi: 
  x_offset: 0
  y_offset: 0
  height: 0
  width: 0
  do_rectify: False
