header: 
  seq: 1059
  stamp: 
    secs: 1539417827
    nsecs: 145555072
  frame_id: "camera2/camera_color_optical_frame"
height: 720
width: 1280
distortion_model: "plumb_bob"
D: [0.0, 0.0, 0.0, 0.0, 0.0]
K: [926.107177734375, 0.0, 650.7496337890625, 0.0, 925.9642333984375, 354.71380615234375, 0.0, 0.0, 1.0]
R: [1.0, 0.0, 0.0, 0.0, 1.0, 0.0, 0.0, 0.0, 1.0]
P: [926.107177734375, 0.0, 650.7496337890625, 0.0, 0.0, 925.9642333984375, 354.71380615234375, 0.0, 0.0, 0.0, 1.0, 0.0]
binning_x: 0
binning_y: 0
roi: 
  x_offset: 0
  y_offset: 0
  height: 0
  width: 0
  do_rectify: False
