header: 
  seq: 748
  stamp: 
    secs: 1539417804
    nsecs: 630960888
  frame_id: "camera1/camera_color_optical_frame"
height: 720
width: 1280
distortion_model: "plumb_bob"
D: [0.0, 0.0, 0.0, 0.0, 0.0]
K: [924.5943603515625, 0.0, 647.8882446289062, 0.0, 925.1226196289062, 359.2996520996094, 0.0, 0.0, 1.0]
R: [1.0, 0.0, 0.0, 0.0, 1.0, 0.0, 0.0, 0.0, 1.0]
P: [924.5943603515625, 0.0, 647.8882446289062, 0.0, 0.0, 925.1226196289062, 359.2996520996094, 0.0, 0.0, 0.0, 1.0, 0.0]
binning_x: 0
binning_y: 0
roi: 
  x_offset: 0
  y_offset: 0
  height: 0
  width: 0
  do_rectify: False
