# RealSense CameraInfo Param
header: 
  seq: 0
  stamp: 
    secs: 0
    nsecs: 0
  frame_id: "camera0/camera_color_optical_frame"
height: 720
width: 1280
distortion_model: "plumb_bob"
D: [0.0, 0.0, 0.0, 0.0, 0.0]
K: [924.8709106445312, 0.0, 650.0120849609375, 0.0, 924.94384765625, 359.494873046875, 0.0, 0.0, 1.0]
R: [1.0, 0.0, 0.0, 0.0, 1.0, 0.0, 0.0, 0.0, 1.0]
P: [924.8709106445312, 0.0, 650.0120849609375, 0.0, 0.0, 924.94384765625, 359.494873046875, 0.0, 0.0, 0.0, 1.0, 0.0]
binning_x: 0
binning_y: 0
roi: 
  x_offset: 0
  y_offset: 0
  height: 0
  width: 0
  do_rectify: False
