# sqlidar to RealSense
x_: 0.111393
y_: -0.0103084
z_: -0.0137764
yaw_: 0.00335265
pitch_: -1.11099e-05
roll_: -0.00655574
